0 5758
1 -484
2 3754
3 -2534
4 5194
5 -1973
6 7282
7 31
8 2483
9 2197
10 2725
11 -661
12 2707
13 3846
14 4817
15 2194
16 1971
17 4132
18 4251
19 3560
20 2319
21 613
22 1075
23 3935
24 3635
25 -186
26 4709
27 2718
28 4484
29 531
30 7476
31 -1743
32 2874
33 155
34 304
35 -1887
36 -710
37 -1617
38 -1160
39 -4499
40 1479
41 -695
42 -465
43 -1315
44 1679
45 -129
46 3431
47 1923
48 1603
49 558
50 681
51 316
52 517
53 931
54 -1597
55 1999
56 2024
57 1094
58 2276
59 -1170
60 2187
61 -1356
62 2637
63 -4500
64 5702
65 198
66 2986
67 -3082
68 1482
69 -2880
70 4486
71 -5368
72 1057
73 -1109
74 4453
75 1019
76 3729
77 2206
78 1225
79 -1096
80 1376
81 -449
82 2664
83 -2715
84 -1369
85 1974
86 -395
87 -650
88 -469
89 2217
90 -3761
91 -95
92 1905
93 3365
94 -1023
95 2145
96 219
97 581
98 -329
99 -1951
100 -4266
101 2835
102 -1644
103 1091
104 -2275
105 -1179
106 543
107 -137
108 -4140
109 3246
110 -1052
111 570
112 239
113 -807
114 -2491
115 -1339
116 126
117 -692
118 126
119 818
120 3232
121 -2254
122 940
123 742
124 2617
125 -2699
126 3979
127 -553
128 -4052
129 482
130 -4450
131 868
132 -4709
133 2149
134 -6921
135 5225
136 -3662
137 -1023
138 -3266
139 883
140 -866
141 1313
142 -1378
143 2999
144 -3232
145 -1523
146 -3828
147 -1225
148 -1558
149 -876
150 370
151 -724
152 871
153 1467
154 -903
155 1985
156 -966
157 658
158 -2314
159 -2674
160 -2828
161 -2665
162 -2080
163 -209
164 106
165 -229
166 1274
167 1919
168 1890
169 -1182
170 -1368
171 -1380
172 1738
173 461
174 2772
175 -2059
176 -234
177 -1240
178 -2278
179 -4082
180 -1701
181 -1594
182 -3463
183 -4624
184 -2674
185 -2805
186 -134
187 -5757
188 2007
189 -1910
190 157
191 -4324
192 2344
193 -504
194 634
195 850
196 -806
197 2642
198 672
199 1604
200 216
201 3280
202 -2012
203 4234
204 1165
205 1532
206 3059
207 4106
208 -3087
209 -1577
210 -1277
211 533
212 -2323
213 -1471
214 -993
215 1183
216 -1673
217 -1661
218 -4621
219 -383
220 -1145
221 1048
222 -3225
223 -504
224 -2452
225 111
226 -1966
227 1989
228 -1334
229 -2670
230 12
231 506
232 -1778
233 -1307
234 -3446
235 1591
236 -1692
237 2330
238 -1704
239 -534
240 -2555
241 70
242 -2327
243 3194
244 -2401
245 987
246 -3941
247 3005
248 -7104
249 -3180
250 -4064
251 -224
252 -827
253 2134
254 -3941
255 -1026